[
,[116.397123,39.90678,0.0,1500498132704]
,[116.397123,39.90678,0.0,1500498138216]
,[116.397123,39.90678,0.0,1500498138216]
,[116.397123,39.90678,0.0,1500498138216]
,[116.397123,39.90678,0.0,1500498263336]
,[116.397123,39.90678,0.0,1500498263336]
,[116.397123,39.90678,0.0,1500498263336]
,[116.397123,39.90678,0.0,1500498743554]
,[116.397123,39.90678,0.0,1500499103659]
,[116.397123,39.90678,0.0,1500499463755]
,[116.397123,39.90678,0.0,1500499823812]
,[116.397123,39.90678,0.0,1500500183871]
,[116.397123,39.90678,0.0,1500500783972]
,[116.397123,39.90678,0.0,1500501384064]
,[116.397123,39.90678,0.0,1500501984171]
,[116.397123,39.90678,0.0,1500502584267]
,[116.397123,39.90678,0.0,1500503184368]
,[116.397123,39.90678,0.0,1500503784470]
,[116.397123,39.90678,0.0,1500504384571]
,[116.397123,39.90678,0.0,1500504984662]
,[116.397123,39.90678,0.0,1500505584756]
,[116.397123,39.90678,0.0,1500506184865]
,[116.397123,39.90678,0.0,1500506785030]
,[116.397123,39.90678,0.0,1500507384977]
,[116.397123,39.90678,0.0,1500507985048]
,[116.397123,39.90678,0.0,1500508585098]
,[116.397123,39.90678,0.0,1500509185179]
,[116.397123,39.90678,0.0,1500509785238]
,[116.397123,39.90678,0.0,1500510385332]
,[116.397123,39.90678,0.0,1500510985428]
,[116.397123,39.90678,0.0,1500511585533]
,[116.397123,39.90678,0.0,1500512185549]
,[116.397123,39.90678,0.0,1500512785651]
,[116.397123,39.90678,0.0,1500513385742]
,[116.397123,39.90678,0.0,1500513985759]
,[116.397123,39.90678,0.0,1500514585865]
,[116.397123,39.90678,0.0,1500515185937]
,[116.397123,39.90678,0.0,1500515786033]
,[116.397123,39.90678,0.0,1500516386128]
,[116.397123,39.90678,0.0,1500516986229]
,[116.397123,39.90678,0.0,1500517550782],[116.397123,39.90678,0.0,1500517556196],[116.397123,39.90678,0.0,1500517556196],[116.397123,39.90678,0.0,1500517556196],[116.397123,39.90678,0.0,1500517681279],[116.397123,39.90678,0.0,1500517681279],[116.397123,39.90678,0.0,1500517681279],[116.397123,39.90678,0.0,1500518161428],[116.397123,39.90678,0.0,1500518521525],[116.397123,39.90678,0.0,1500518881623],[116.397123,39.90678,0.0,1500519241725],[116.397123,39.90678,0.0,1500519601823],[116.397123,39.90678,0.0,1500520201870],[116.397123,39.90678,0.0,1500520801970],[116.397123,39.90678,0.0,1500521402072],[116.397123,39.90678,0.0,1500522002218],[116.397123,39.90678,0.0,1500522602263],[116.397123,39.90678,0.0,1500523202396],[116.397123,39.90678,0.0,1500523802458],[116.397123,39.90678,0.0,1500524402486],[116.397123,39.90678,0.0,1500525002574],[116.397123,39.90678,0.0,1500525602669],[116.397123,39.90678,0.0,1500526202770],[116.397123,39.90678,0.0,1500526802831],[116.397123,39.90678,0.0,1500527402918],[116.397123,39.90678,0.0,1500528003015],[116.397123,39.90678,0.0,1500528603024],[116.397123,39.90678,0.0,1500529203028],[116.397123,39.90678,0.0,1500529803054],[116.397123,39.90678,0.0,1500530403146],[116.397123,39.90678,0.0,1500531003193],[116.397123,39.90678,0.0,1500531603292],[116.397123,39.90678,0.0,1500532203400],[116.397123,39.90678,0.0,1500532803430],[116.397123,39.90678,0.0,1500533403515],[116.397123,39.90678,0.0,1500534003633],[116.397123,39.90678,0.0,1500534603648],[116.397123,39.90678,0.0,1500535203749],[116.397123,39.90678,0.0,1500535803842],[116.397123,39.90678,0.0,1500536403944],[116.397123,39.90678,0.0,1500537003968],[116.397123,39.90678,0.0,1500537604059],[116.397123,39.90678,0.0,1500538204162],[116.397123,39.90678,0.0,1500538804259],[116.397123,39.90678,0.0,1500539404352],[116.397123,39.90678,0.0,1500540004463],[116.397123,39.90678,0.0,1500540604549],[116.397123,39.90678,0.0,1500541204571],[116.397123,39.90678,0.0,1500541804604],[116.397123,39.90678,0.0,1500542404707],[116.397123,39.90678,0.0,1500543004724],[116.397123,39.90678,0.0,1500543604764],[116.397123,39.90678,0.0,1500544204768],[116.397123,39.90678,0.0,1500544804872],[116.397123,39.90678,0.0,1500545404874],[116.397123,39.90678,0.0,1500546004975],[116.397123,39.90678,0.0,1500546605100],[116.397123,39.90678,0.0,1500547205191],[116.397123,39.90678,0.0,1500547805244],[116.397123,39.90678,0.0,1500548405343],[116.397123,39.90678,0.0,1500549005446],[116.397123,39.90678,0.0,1500549605538],[116.397123,39.90678,0.0,1500550205558],[116.397123,39.90678,0.0,1500550805662],[116.397123,39.90678,0.0,1500551405807],[116.397123,39.90678,0.0,1500552005852],[116.397123,39.90678,0.0,1500552605944],[116.397123,39.90678,0.0,1500553206006],[116.397123,39.90678,0.0,1500553806098],[116.397123,39.90678,0.0,1500554406152],[116.397123,39.90678,0.0,1500555006245],[116.397123,39.90678,0.0,1500555606348]]